{
  "error": 0.0007458427923640586,
  "time": 0.8862240070011467,
  "case_id": "heat_longer",
  "num_dofs": 6561,
  "solver_info": {
    "ksp_type": "cg",
    "pc_type": "hypre",
    "rtol": 1e-10,
    "num_timesteps": 10,
    "dt": 0.02
  },
  "reference": [
    [
      0.6703200460356393,
      0.6688229067062806,
      0.6647168938234325,
      0.6579122036605245,
      0.6482725947772425,
      0.6361042823487821,
      0.6212528256054624,
      0.6038235570396464,
      0.5840366797858094,
      0.5616949463752017,
      0.5371128386591579,
      0.5103969259236757,
      0.4814340738774286,
      0.45059675281625045,
      0.41789779332356675,
      0.3834274015217051,
      0.3474606110731684,
      0.31000391564248025,
      0.27128505265676645,
      0.23150167274127872,
      0.1906907766408631,
      0.14913734892905764,
      0.10697640644631858,
      0.06435371115657429,
      0.021482972658750703,
      -0.021482972658750675,
      -0.06435371115657391,
      -0.10697640644631831,
      -0.14913734892905747,
      -0.1906907766408628,
      -0.23150167274127847,
      -0.27128505265676617,
      -0.31000391564248,
      -0.34746061107316806,
      -0.38342740152170485,
      -0.4178977933235666,
      -0.4505967528162503,
      -0.4814340738774284,
      -0.5103969259236756,
      -0.5371128386591576,
      -0.5616949463752016,
      -0.5840366797858093,
      -0.6038235570396465,
      -0.6212528256054622,
      -0.636104282348782,
      -0.6482725947772424,
      -0.6579122036605245,
      -0.6647168938234325,
      -0.6688229067062806,
      -0.6703200460356393
    ],
    [
      0.6688229067062806,
      0.6673299436993034,
      0.6632330814747378,
      0.6564434674181201,
      0.6468276924106843,
      0.6346847585213505,
      0.6198681397866217,
      0.6024791161960025,
      0.5827329437138408,
      0.56044677129856,
      0.5359176187383216,
      0.5092579667851094,
      0.4803679743911813,
      0.44959410964226987,
      0.41696868245640367,
      0.3825800099583786,
      0.34668692974106874,
      0.30931984569433274,
      0.27068708659283836,
      0.23098505182476292,
      0.19027765516831063,
      0.14881049321432635,
      0.10674057147619716,
      0.06422223638552207,
      0.021439095832418056,
      -0.02142792182802072,
      -0.064199991700623,
      -0.10673568165061395,
      -0.14879351200686547,
      -0.19025745365829588,
      -0.23098387856894886,
      -0.2706666076688074,
      -0.30930670370497443,
      -0.34668050170345466,
      -0.3825616720849036,
      -0.41696196301056243,
      -0.4495838988657513,
      -0.4803524822824562,
      -0.5092563912117699,
      -0.5359056268503273,
      -0.5604367288061224,
      -0.5827310599448217,
      -0.6024693614381313,
      -0.6198636138086759,
      -0.6346815037241196,
      -0.6468220486388097,
      -0.6564423759030507,
      -0.663230869637873,
      -0.6673286278004137,
      -0.6688229067062805
    ],
    [
      0.6647168938234325,
      0.6632330814747378,
      0.659164359897188,
      0.6524134415847622,
      0.6428581882506942,
      0.6307927023164795,
      0.6160626170039518,
      0.598785613056464,
      0.5791579844259445,
      0.5570059835851284,
      0.5326384266905554,
      0.5061315312647503,
      0.47742043313163857,
      0.4468477094451879,
      0.41440876771530266,
      0.3802380884071469,
      0.3445672065109733,
      0.3074207320654645,
      0.26903847714434237,
      0.22956857471009662,
      0.18910928110293992,
      0.14791693456319502,
      0.10608521839047083,
      0.06383257097799606,
      0.021322504419764608,
      -0.02129649871891648,
      -0.06379518086049737,
      -0.10607383810666293,
      -0.14788023646072992,
      -0.18907332786668815,
      -0.22956584414559805,
      -0.26900405501702335,
      -0.30739014619565047,
      -0.34455224628567843,
      -0.38020726507802277,
      -0.41439312928415517,
      -0.4468239455025472,
      -0.4773943931239618,
      -0.5061278643708175,
      -0.5326157504707725,
      -0.5569857276017905,
      -0.5791536002560593,
      -0.5987692167107921,
      -0.6160520835170911,
      -0.6307851272985994,
      -0.6428487018815017,
      -0.6524109012587199,
      -0.6591592122020749,
      -0.6632308696378731,
      -0.6647168938234324
    ],
    [
      0.6579122036605245,
      0.6564434674181201,
      0.6524134415847622,
      0.6457369613092352,
      0.6362753419191673,
      0.6243307766658337,
      0.6097586119555918,
      0.5926500540768922,
      0.5732265446216446,
      0.551304726033486,
      0.527174359100509,
      0.5009535373768825,
      0.4725301777251862,
      0.4422591714661661,
      0.4101746538672945,
      0.3763374856959998,
      0.3410309606679199,
      0.3042779893032851,
      0.2662700647351291,
      0.22721685887908166,
      0.18717261519125372,
      0.14638194233358837,
      0.10500935004126413,
      0.06317267019819511,
      0.0210887206446783,
      -0.021070183363007713,
      -0.06315421862188522,
      -0.1049947483525881,
      -0.14636383225843064,
      -0.18715487269867376,
      -0.2272133553765864,
      -0.2662530778265163,
      -0.3042616377284747,
      -0.34101496483425064,
      -0.37632227475130353,
      -0.4101603215921037,
      -0.44224531202222,
      -0.47251732729248097,
      -0.5009488324991732,
      -0.5271631686569443,
      -0.5512947299476941,
      -0.5732209194294395,
      -0.5926419626761799,
      -0.6097518543606844,
      -0.6243247021219851,
      -0.6362706605092983,
      -0.6457337018957945,
      -0.65241090125872,
      -0.6564423759030507,
      -0.6579122036605244
    ],
    [
      0.6482725947772425,
      0.6468276924106843,
      0.6428581882506942,
      0.6362753419191673,
      0.6269667162723039,
      0.6151887718911857,
      0.6008295409586795,
      0.5839861481900088,
      0.5648309612178594,
      0.5432431301001982,
      0.5194708382525468,
      0.4936130807913689,
      0.46563843182950115,
      0.4357967614669638,
      0.4041680370584253,
      0.3708653396225914,
      0.336045248314835,
      0.2998375056960486,
      0.26240575215236955,
      0.22388972884792957,
      0.18446475276378105,
      0.1442662683995413,
      0.1034689807149367,
      0.06229893052203856,
      0.02079887273835674,
      -0.020750948439436527,
      -0.06218232385976301,
      -0.10344800869321782,
      -0.14419343752947544,
      -0.1843781103059698,
      -0.22388469685936646,
      -0.2623130403207308,
      -0.2997811408867993,
      -0.33601767904019314,
      -0.37076484305399615,
      -0.40413921796013097,
      -0.4357529683657019,
      -0.46556460487434054,
      -0.49360632329915716,
      -0.5194194061245104,
      -0.5432000587542086,
      -0.5648228819021233,
      -0.5839373380319495,
      -0.6008101294467215,
      -0.6151748123588767,
      -0.6269357868568458,
      -0.6362706605092983,
      -0.6428487018815017,
      -0.6468220486388099,
      -0.6482725947772425
    ],
    [
      0.6361042823487821,
      0.6346847585213505,
      0.6307927023164795,
      0.6243307766658337,
      0.6151887718911857,
      0.60365018179709,
      0.5895457576094196,
      0.5730158222251607,
      0.5542339294716794,
      0.5330329584444208,
      0.5097189660970599,
      0.48434569697931656,
      0.4568754312196982,
      0.4276285775823635,
      0.3965727566030575,
      0.3638789050575961,
      0.32975479197233243,
      0.2941920411165796,
      0.25746861205673144,
      0.21969038299115876,
      0.18097552695014965,
      0.14156336709153483,
      0.10152035412072802,
      0.06109354864825813,
      0.020431521136495476,
      -0.02037624467285626,
      -0.0610385277500978,
      -0.1014931410654541,
      -0.14150936451830187,
      -0.18092262047424956,
      -0.21968385354041053,
      -0.2574179586625091,
      -0.2941432822291383,
      -0.3297190183971976,
      -0.36383354742391766,
      -0.3965353612710605,
      -0.4275872499992284,
      -0.4568371124149892,
      -0.484336928534789,
      -0.5096855972268126,
      -0.5330031510388566,
      -0.5542234458440801,
      -0.5729916944147716,
      -0.58952560708488,
      -0.6036320680677886,
      -0.6151748123588768,
      -0.6243247021219852,
      -0.6307851272985995,
      -0.6346815037241198,
      -0.636104282348782
    ],
    [
      0.6212528256054624,
      0.6198681397866217,
      0.6160626170039518,
      0.6097586119555918,
      0.6008295409586795,
      0.5895457576094196,
      0.5757996125406152,
      0.5596382381063868,
      0.5412877552212557,
      0.5206078101445805,
      0.4978114961252115,
      0.47304379222931786,
      0.44622478398891885,
      0.4176261106687732,
      0.3873409142628345,
      0.35539152667162516,
      0.3220347232687678,
      0.2873629221235778,
      0.2514543826197493,
      0.21455730414358398,
      0.17678031599559751,
      0.13824199634431075,
      0.09916986137474496,
      0.05968519774132672,
      0.019924543757264393,
      -0.019855365238953825,
      -0.05960868809910188,
      -0.09913958835205772,
      -0.13816690273996357,
      -0.1767067465760164,
      -0.21455004048984694,
      -0.25138394623650206,
      -0.28729512015817654,
      -0.3219949271400066,
      -0.355328454340185,
      -0.38729931401903417,
      -0.4175686423484548,
      -0.4461714995436117,
      -0.4730340378185235,
      -0.4977650948411645,
      -0.5205663612767572,
      -0.5412760927639182,
      -0.5596046870339351,
      -0.5757715921070216,
      -0.5895256070848799,
      -0.6008101294467214,
      -0.6097518543606842,
      -0.6160520835170911,
      -0.6198636138086759,
      -0.6212528256054622
    ],
    [
      0.6038235570396464,
      0.6024791161960025,
      0.598785613056464,
      0.5926500540768922,
      0.5839861481900088,
      0.5730158222251607,
      0.5596382381063868,
      0.5439718012138954,
      0.526107575674674,
      0.5060060922483095,
      0.48388144940877187,
      0.45976999268856533,
      0.4337299691016514,
      0.405940310058593,
      0.3764632182979989,
      0.3454718956221674,
      0.3130193638186273,
      0.2792929368809459,
      0.24446484386430925,
      0.20854142100208203,
      0.17183822115621572,
      0.13441469156996091,
      0.09637976373662838,
      0.05805612803149289,
      0.019399171120832875,
      -0.019316338231321027,
      -0.05786374488595747,
      -0.09634351546180724,
      -0.1342888098867827,
      -0.17168846737167204,
      -0.20853272365726833,
      -0.24430459970676077,
      -0.2791955153198153,
      -0.3129717127787211,
      -0.3453133005331581,
      -0.3764134070490371,
      -0.4058646175769098,
      -0.43360236577395367,
      -0.45975831296411734,
      -0.48379255354853024,
      -0.5059316472564399,
      -0.5260936112957937,
      -0.5438874371956272,
      -0.5596046870339351,
      -0.5729916944147715,
      -0.5839373380319494,
      -0.5926419626761799,
      -0.5987692167107921,
      -0.6024693614381316,
      -0.6038235570396464
    ],
    [
      0.5840366797858094,
      0.5827329437138408,
      0.5791579844259445,
      0.5732265446216446,
      0.5648309612178594,
      0.5542339294716794,
      0.5412877552212557,
      0.526107575674674,
      0.5088748684049338,
      0.48939904675386847,
      0.46798886500050285,
      0.44469963735656376,
      0.4194730972368974,
      0.3926146429119029,
      0.3641096663839052,
      0.3340861516244801,
      0.30275982622228015,
      0.27010722905272766,
      0.23638328267625605,
      0.2017123173143511,
      0.166155748768337,
      0.12996276549505162,
      0.093209011557651,
      0.05608442097512814,
      0.01874380786481406,
      -0.01871181567534586,
      -0.05605257669850887,
      -0.09317751152443575,
      -0.12993151059123004,
      -0.1661251282494098,
      -0.20170223990048367,
      -0.23635396616650706,
      -0.2700790090208627,
      -0.3027322201390076,
      -0.3340599001258324,
      -0.36408493131910097,
      -0.39259072387325833,
      -0.4194509195797222,
      -0.44468610432784744,
      -0.4679695522017272,
      -0.4893817952130936,
      -0.50885868819955,
      -0.5260936112957938,
      -0.5412760927639182,
      -0.5542234458440802,
      -0.5648228819021233,
      -0.5732209194294396,
      -0.5791536002560593,
      -0.5827310599448218,
      -0.5840366797858094
    ],
    [
      0.5616949463752017,
      0.56044677129856,
      0.5570059835851284,
      0.551304726033486,
      0.5432431301001982,
      0.5330329584444208,
      0.5206078101445805,
      0.5060060922483095,
      0.48939904675386847,
      0.47073631663290966,
      0.4501075333912455,
      0.4276973169605758,
      0.4034878448240343,
      0.37760635192450137,
      0.35022031926109515,
      0.321361688159596,
      0.2911727765794522,
      0.259851414209139,
      0.2273840181743678,
      0.19399020696310063,
      0.15989601700218342,
      0.12501730647844028,
      0.0896719943992044,
      0.05401876094310322,
      0.01803299134426289,
      -0.017930659906311708,
      -0.05384899707932336,
      -0.08962721341779048,
      -0.12486179272385257,
      -0.15973277706848402,
      -0.1939794622962614,
      -0.22722772999652485,
      -0.25973105998152857,
      -0.2911139086652432,
      -0.3212217397508527,
      -0.35015878263280115,
      -0.37751284171933563,
      -0.40336961432325474,
      -0.4276828878732329,
      -0.45000457563278384,
      -0.4706443475719342,
      -0.4893817952130936,
      -0.50593164725644,
      -0.5205663612767573,
      -0.5330031510388566,
      -0.5432000587542086,
      -0.5512947299476941,
      -0.5569857276017907,
      -0.5604367288061225,
      -0.5616949463752017
    ],
    [
      0.5371128386591579,
      0.5359176187383216,
      0.5326384266905554,
      0.527174359100509,
      0.5194708382525468,
      0.5097189660970599,
      0.4978114961252115,
      0.48388144940877187,
      0.46798886500050285,
      0.4501075333912455,
      0.43045960615342244,
      0.40897520362156825,
      0.3858202520442876,
      0.36112385500523825,
      0.3348748852641583,
      0.30731727988236046,
      0.27845699507437244,
      0.24844337386460497,
      0.21748905899718313,
      0.18550534400295537,
      0.15286398971364296,
      0.11961775383252837,
      0.08573423167815691,
      0.0516562417515314,
      0.01729098910281176,
      -0.017176430844199002,
      -0.05145352422373495,
      -0.08568410015110663,
      -0.11944365889872713,
      -0.15266906250675447,
      -0.1854933155359748,
      -0.21730243298425722,
      -0.24830863940755274,
      -0.2783910934719425,
      -0.30715016542815426,
      -0.33480599608289213,
      -0.361019171962756,
      -0.3856790712635576,
      -0.4089590505101446,
      -0.43033666277903126,
      -0.45000457563278395,
      -0.4679695522017273,
      -0.4837925535485304,
      -0.4977650948411647,
      -0.5096855972268128,
      -0.5194194061245105,
      -0.5271631686569446,
      -0.5326157504707727,
      -0.5359056268503276,
      -0.5371128386591579
    ],
    [
      0.5103969259236757,
      0.5092579667851094,
      0.5061315312647503,
      0.5009535373768825,
      0.4936130807913689,
      0.48434569697931656,
      0.47304379222931786,
      0.45976999268856533,
      0.44469963735656376,
      0.4276973169605758,
      0.40897520362156825,
      0.38864411108963415,
      0.366585829648118,
      0.34309910511142355,
      0.3182146155008869,
      0.2919610967927545,
      0.26456723771255547,
      0.2360618534895471,
      0.20657211584749546,
      0.17627115394443438,
      0.14521301901894895,
      0.11356403778868018,
      0.08147846419156721,
      0.0490150551374078,
      0.016362538647837828,
      -0.016335780568536372,
      -0.04898842077154411,
      -0.08145211774886403,
      -0.11353789637076164,
      -0.14518740819682874,
      -0.17625851090981093,
      -0.20654759569099013,
      -0.23603825042070173,
      -0.26454414814670557,
      -0.2919391401935259,
      -0.31819392723801526,
      -0.3430790993680372,
      -0.3665672803859613,
      -0.3886271326710764,
      -0.4089590505101445,
      -0.4276828878732329,
      -0.4446861043278474,
      -0.4597583129641174,
      -0.47303403781852355,
      -0.48433692853478894,
      -0.49360632329915716,
      -0.5009488324991732,
      -0.5061278643708176,
      -0.50925639121177,
      -0.5103969259236756
    ],
    [
      0.4814340738774286,
      0.4803679743911813,
      0.47742043313163857,
      0.4725301777251862,
      0.46563843182950115,
      0.4568754312196982,
      0.44622478398891885,
      0.4337299691016514,
      0.4194730972368974,
      0.4034878448240343,
      0.3858202520442876,
      0.366585829648118,
      0.3458932280505143,
      0.32367452173693945,
      0.3001873837719,
      0.2755008962203379,
      0.24958239551239522,
      0.22274110674258119,
      0.1949449344533019,
      0.1662736677056597,
      0.13709778045456586,
      0.10719431717100816,
      0.07686615648781839,
      0.04638015531501423,
      0.015483093019979926,
      -0.015351541202160457,
      -0.04608916953615798,
      -0.07680858845568009,
      -0.10699439701429447,
      -0.13685994759978862,
      -0.16625985493723916,
      -0.1946904412158371,
      -0.2225863857913135,
      -0.24950671807366792,
      -0.27526101597838804,
      -0.30010827557722763,
      -0.3235543100237014,
      -0.3456905736481703,
      -0.3665672803859613,
      -0.3856790712635575,
      -0.4033696143232548,
      -0.41945091957972225,
      -0.4336023657739537,
      -0.4461714995436119,
      -0.45683711241498914,
      -0.46556460487434065,
      -0.47251732729248114,
      -0.4773943931239619,
      -0.4803524822824564,
      -0.48143407387742854
    ],
    [
      0.45059675281625045,
      0.44959410964226987,
      0.4468477094451879,
      0.4422591714661661,
      0.4357967614669638,
      0.4276285775823635,
      0.4176261106687732,
      0.405940310058593,
      0.3926146429119029,
      0.37760635192450137,
      0.36112385500523825,
      0.34309910511142355,
      0.32367452173693945,
      0.30299680349773456,
      0.2809347992946134,
      0.2578168555257425,
      0.23363026832454659,
      0.20842561566184045,
      0.18245818550242301,
      0.1556296083646478,
      0.12824209046323254,
      0.10037283082324,
      0.07192469432880953,
      0.04333679374182044,
      0.014551128697450408,
      -0.014409247479370219,
      -0.04316418511057636,
      -0.07186260607600052,
      -0.10020341682672063,
      -0.1280761150848872,
      -0.15561471102274071,
      -0.1822992783719157,
      -0.2082726518771035,
      -0.23354864872121628,
      -0.25767456197315647,
      -0.28084947955364525,
      -0.302867152805069,
      -0.32355431002370155,
      -0.3430790993680373,
      -0.361019171962756,
      -0.37751284171933575,
      -0.3925907238732584,
      -0.40586461757691,
      -0.41756864234845503,
      -0.4275872499992286,
      -0.4357529683657021,
      -0.4422453120222202,
      -0.44682394550254745,
      -0.44958389886575156,
      -0.45059675281625045
    ],
    [
      0.41789779332356675,
      0.41696868245640367,
      0.41440876771530266,
      0.4101746538672945,
      0.4041680370584253,
      0.3965727566030575,
      0.3873409142628345,
      0.3764632182979989,
      0.3641096663839052,
      0.35022031926109515,
      0.3348748852641583,
      0.3182146155008869,
      0.3001873837719,
      0.2809347992946134,
      0.2606057515829975,
      0.2390861048010715,
      0.21662951307409067,
      0.19334182806093803,
      0.1691678565485758,
      0.14432734631780642,
      0.11895372840028949,
      0.0930085880132758,
      0.06674736184039053,
      0.040182640170997805,
      0.013414095235104813,
      -0.013299978386221137,
      -0.04006905093052535,
      -0.0666831553737498,
      -0.09289710107863453,
      -0.11884450433062688,
      -0.14431194073554376,
      -0.16906328390855258,
      -0.19324116658182877,
      -0.2165451089219142,
      -0.2389924651235775,
      -0.2605175210586322,
      -0.28084947955364525,
      -0.30010827557722763,
      -0.3181939272380154,
      -0.33480599608289213,
      -0.3501587826328013,
      -0.3640849313191011,
      -0.37641340704903725,
      -0.38729931401903434,
      -0.3965353612710605,
      -0.4041392179601311,
      -0.4101603215921038,
      -0.41439312928415534,
      -0.41696196301056265,
      -0.4178977933235667
    ],
    [
      0.3834274015217051,
      0.3825800099583786,
      0.3802380884071469,
      0.3763374856959998,
      0.3708653396225914,
      0.3638789050575961,
      0.35539152667162516,
      0.3454718956221674,
      0.3340861516244801,
      0.321361688159596,
      0.30731727988236046,
      0.2919610967927545,
      0.2755008962203379,
      0.2578168555257425,
      0.2390861048010715,
      0.21949679677923523,
      0.19879542011007456,
      0.1774139467725241,
      0.15533049921366654,
      0.13242879587242223,
      0.10921424517532352,
      0.0854282647114362,
      0.06122457239374404,
      0.03699631337135293,
      0.012367846612376006,
      -0.012212129877271945,
      -0.03661743232040378,
      -0.06115642961807191,
      -0.0851916209721025,
      -0.10893272450719252,
      -0.13241244581936457,
      -0.15502925779639887,
      -0.17723080493698778,
      -0.1987058413883589,
      -0.21915606380835068,
      -0.23899246512357758,
      -0.2576745619731565,
      -0.2752610159783881,
      -0.2919391401935261,
      -0.3071501654281543,
      -0.3212217397508529,
      -0.33405990012583253,
      -0.3453133005331584,
      -0.35532845434018534,
      -0.3638335474239178,
      -0.3707648430539964,
      -0.37632227475130386,
      -0.38020726507802305,
      -0.3825616720849039,
      -0.3834274015217051
    ],
    [
      0.3474606110731684,
      0.34668692974106874,
      0.3445672065109733,
      0.3410309606679199,
      0.336045248314835,
      0.32975479197233243,
      0.3220347232687678,
      0.3130193638186273,
      0.30275982622228015,
      0.2911727765794522,
      0.27845699507437244,
      0.26456723771255547,
      0.24958239551239522,
      0.23363026832454659,
      0.21662951307409067,
      0.19879542011007456,
      0.18018898549551965,
      0.1607142118965526,
      0.1406819416187844,
      0.12001405475738171,
      0.09888087597342338,
      0.07738157268522808,
      0.05546002919367267,
      0.033406554359813816,
      0.011224822380029215,
      -0.011115654538759408,
      -0.03329789124568865,
      -0.05538837023184092,
      -0.07727492070435378,
      -0.09877638872183513,
      -0.11999686103704309,
      -0.14058190407411952,
      -0.16061791589398258,
      -0.1800947844868721,
      -0.19870584138835887,
      -0.21654510892191428,
      -0.23354864872121628,
      -0.24950671807366806,
      -0.26454414814670574,
      -0.2783910934719426,
      -0.2911139086652434,
      -0.30273222013900786,
      -0.31297171277872127,
      -0.3219949271400068,
      -0.3297190183971977,
      -0.33601767904019336,
      -0.341014964834251,
      -0.3445522462856787,
      -0.3466805017034549,
      -0.34746061107316834
    ],
    [
      0.31000391564248025,
      0.30931984569433274,
      0.3074207320654645,
      0.3042779893032851,
      0.2998375056960486,
      0.2941920411165796,
      0.2873629221235778,
      0.2792929368809459,
      0.27010722905272766,
      0.259851414209139,
      0.24844337386460497,
      0.2360618534895471,
      0.22274110674258119,
      0.20842561566184045,
      0.19334182806093803,
      0.1774139467725241,
      0.1607142118965526,
      0.14351663601424275,
      0.1255409101003328,
      0.10706722966907896,
      0.0883285573294529,
      0.06903407248512125,
      0.04952885211996649,
      0.029884171589463673,
      0.00997625687673525,
      -0.009808863339111738,
      -0.029662012110127315,
      -0.0494555994905968,
      -0.06881602472593457,
      -0.08811493531431899,
      -0.10704965356706383,
      -0.12533638541856043,
      -0.1433197608375523,
      -0.16061791589398258,
      -0.17723080493698778,
      -0.19324116658182883,
      -0.20827265187710356,
      -0.22258638579131362,
      -0.2360382504207019,
      -0.24830863940755285,
      -0.2597310599815287,
      -0.2700790090208628,
      -0.27919551531981546,
      -0.28729512015817676,
      -0.2941432822291385,
      -0.2997811408867995,
      -0.304261637728475,
      -0.30739014619565064,
      -0.30930670370497465,
      -0.31000391564248025
    ],
    [
      0.27128505265676645,
      0.27068708659283836,
      0.26903847714434237,
      0.2662700647351291,
      0.26240575215236955,
      0.25746861205673144,
      0.2514543826197493,
      0.24446484386430925,
      0.23638328267625605,
      0.2273840181743678,
      0.21748905899718313,
      0.20657211584749546,
      0.1949449344533019,
      0.18245818550242301,
      0.1691678565485758,
      0.15533049921366654,
      0.1406819416187844,
      0.1255409101003328,
      0.1099976707539641,
      0.09370216115601798,
      0.07729632119919039,
      0.0605191378963453,
      0.04332390152579825,
      0.026208639808877207,
      0.00880083619974126,
      -0.0086269386541557,
      -0.025843220098963494,
      -0.04324780269524645,
      -0.06025486466058286,
      -0.0769819313991033,
      -0.09368390214169298,
      -0.10966125769562099,
      -0.12533638541856046,
      -0.14058190407411952,
      -0.1550292577963989,
      -0.1690632839085527,
      -0.1822992783719157,
      -0.19469044121583723,
      -0.2065475956909903,
      -0.21730243298425733,
      -0.22722772999652502,
      -0.23635396616650714,
      -0.244304599706761,
      -0.2513839462365023,
      -0.25741795866250927,
      -0.26231304032073094,
      -0.2662530778265165,
      -0.26900405501702357,
      -0.2706666076688077,
      -0.2712850526567664
    ],
    [
      0.23150167274127872,
      0.23098505182476292,
      0.22956857471009662,
      0.22721685887908166,
      0.22388972884792957,
      0.21969038299115876,
      0.21455730414358398,
      0.20854142100208203,
      0.2017123173143511,
      0.19399020696310063,
      0.18550534400295537,
      0.17627115394443438,
      0.1662736677056597,
      0.1556296083646478,
      0.14432734631780642,
      0.13242879587242223,
      0.12001405475738171,
      0.10706722966907896,
      0.09370216115601798,
      0.07996984262477042,
      0.06586356655182306,
      0.05151996633656966,
      0.03694696396511508,
      0.022234096859557302,
      0.0074356232739230385,
      -0.0074156977831061135,
      -0.022214263492354426,
      -0.036927345000830475,
      -0.051500500044658025,
      -0.06584449536979912,
      -0.07995101327103053,
      -0.093683902141693,
      -0.10704965356706389,
      -0.11999686103704316,
      -0.13241244581936462,
      -0.14431194073554388,
      -0.15561471102274083,
      -0.16625985493723935,
      -0.17625851090981115,
      -0.18549331553597492,
      -0.19397946229626162,
      -0.20170223990048386,
      -0.2085327236572685,
      -0.2145500404898472,
      -0.21968385354041076,
      -0.22388469685936668,
      -0.22721335537658674,
      -0.22956584414559827,
      -0.23098387856894917,
      -0.23150167274127872
    ],
    [
      0.1906907766408631,
      0.19027765516831063,
      0.18910928110293992,
      0.18717261519125372,
      0.18446475276378105,
      0.18097552695014965,
      0.17678031599559751,
      0.17183822115621572,
      0.166155748768337,
      0.15989601700218342,
      0.15286398971364296,
      0.14521301901894895,
      0.13709778045456586,
      0.12824209046323254,
      0.11895372840028949,
      0.10921424517532352,
      0.09888087597342338,
      0.0883285573294529,
      0.07729632119919039,
      0.06586356655182306,
      0.054461628460524415,
      0.042521941848839395,
      0.03048425740869609,
      0.018495336326285312,
      0.0061744315112146585,
      -0.005992798938593564,
      -0.018153838793123378,
      -0.030404773674063544,
      -0.0422459136419731,
      -0.0541332544860479,
      -0.06584449536979917,
      -0.07698193139910334,
      -0.08811493531431906,
      -0.0987763887218352,
      -0.1089327245071926,
      -0.11884450433062702,
      -0.1280761150848873,
      -0.13685994759978876,
      -0.14518740819682893,
      -0.1526690625067546,
      -0.1597327770684842,
      -0.16612512824941,
      -0.17168846737167232,
      -0.17670674657601665,
      -0.18092262047424984,
      -0.18437811030597,
      -0.18715487269867404,
      -0.18907332786668846,
      -0.19025745365829616,
      -0.1906907766408631
    ],
    [
      0.14913734892905764,
      0.14881049321432635,
      0.14791693456319502,
      0.14638194233358837,
      0.1442662683995413,
      0.14156336709153483,
      0.13824199634431075,
      0.13441469156996091,
      0.12996276549505162,
      0.12501730647844028,
      0.11961775383252837,
      0.11356403778868018,
      0.10719431717100816,
      0.10037283082324,
      0.0930085880132758,
      0.0854282647114362,
      0.07738157268522808,
      0.06903407248512125,
      0.0605191378963453,
      0.05151996633656966,
      0.042521941848839395,
      0.033382336368626114,
      0.023824016385410207,
      0.014446733977078852,
      0.004912102829632377,
      -0.004726707258719311,
      -0.014159674224922113,
      -0.023742885935360152,
      -0.03310058950867913,
      -0.042245913641973096,
      -0.05150050004465802,
      -0.06025486466058287,
      -0.0688160247259346,
      -0.07727492070435381,
      -0.08519162097210253,
      -0.09289710107863461,
      -0.10020341682672071,
      -0.10699439701429457,
      -0.11353789637076173,
      -0.11944365889872723,
      -0.1248617927238527,
      -0.12993151059123015,
      -0.13428880988678288,
      -0.1381669027399637,
      -0.14150936451830198,
      -0.14419343752947558,
      -0.14636383225843072,
      -0.1478802364607301,
      -0.14879351200686564,
      -0.14913734892905764
    ],
    [
      0.10697640644631858,
      0.10674057147619716,
      0.10608521839047083,
      0.10500935004126413,
      0.1034689807149367,
      0.10152035412072802,
      0.09916986137474496,
      0.09637976373662838,
      0.093209011557651,
      0.0896719943992044,
      0.08573423167815691,
      0.08147846419156721,
      0.07686615648781839,
      0.07192469432880953,
      0.06674736184039053,
      0.06122457239374404,
      0.05546002919367267,
      0.04952885211996649,
      0.04332390152579825,
      0.03694696396511508,
      0.03048425740869609,
      0.023824016385410207,
      0.017147461452480972,
      0.010315759198135403,
      0.0034437216071969566,
      -0.003360677335345569,
      -0.010233098873586921,
      -0.01706569470362366,
      -0.023742885935360173,
      -0.03040477367406358,
      -0.036927345000830517,
      -0.043247802695246515,
      -0.04945559949059688,
      -0.05538837023184101,
      -0.06115642961807201,
      -0.06668315537374993,
      -0.07186260607600066,
      -0.07680858845568024,
      -0.0814521177488642,
      -0.0856841001511068,
      -0.08962721341779066,
      -0.09317751152443593,
      -0.09634351546180747,
      -0.09913958835205795,
      -0.10149314106545432,
      -0.10344800869321806,
      -0.10499474835258835,
      -0.10607383810666318,
      -0.10673568165061423,
      -0.10697640644631858
    ],
    [
      0.06435371115657429,
      0.06422223638552207,
      0.06383257097799606,
      0.06317267019819511,
      0.06229893052203856,
      0.06109354864825813,
      0.05968519774132672,
      0.05805612803149289,
      0.05608442097512814,
      0.05401876094310322,
      0.0516562417515314,
      0.0490150551374078,
      0.04638015531501423,
      0.04333679374182044,
      0.040182640170997805,
      0.03699631337135293,
      0.033406554359813816,
      0.029884171589463673,
      0.026208639808877207,
      0.022234096859557302,
      0.018495336326285312,
      0.014446733977078852,
      0.010315759198135403,
      0.006431492079143871,
      0.002147269556540315,
      -0.0019583779868267473,
      -0.005971891918630264,
      -0.010233098873586961,
      -0.014159674224922175,
      -0.01815383879312346,
      -0.022214263492354523,
      -0.025843220098963622,
      -0.029662012110127464,
      -0.03329789124568882,
      -0.036617432320403966,
      -0.040069050930525575,
      -0.0431641851105766,
      -0.04608916953615824,
      -0.0489884207715444,
      -0.051453524223735225,
      -0.053848997079323675,
      -0.05605257669850919,
      -0.057863744885957816,
      -0.05960868809910223,
      -0.061038527750098145,
      -0.062182323859763355,
      -0.06315421862188558,
      -0.06379518086049775,
      -0.06419999170062339,
      -0.06435371115657429
    ],
    [
      0.021482972658750703,
      0.021439095832418056,
      0.021322504419764608,
      0.0210887206446783,
      0.02079887273835674,
      0.020431521136495476,
      0.019924543757264393,
      0.019399171120832875,
      0.01874380786481406,
      0.01803299134426289,
      0.01729098910281176,
      0.016362538647837828,
      0.015483093019979926,
      0.014551128697450408,
      0.013414095235104813,
      0.012367846612376006,
      0.011224822380029215,
      0.00997625687673525,
      0.00880083619974126,
      0.0074356232739230385,
      0.0061744315112146585,
      0.004912102829632377,
      0.0034437216071969566,
      0.002147269556540315,
      0.0008434175485396571,
      -0.000653648600118237,
      -0.0019583779868267413,
      -0.0033606773353455767,
      -0.004726707258719312,
      -0.005992798938593567,
      -0.007415697783106112,
      -0.008626938654155704,
      -0.009808863339111745,
      -0.01111565453875941,
      -0.012212129877271953,
      -0.013299978386221156,
      -0.01440924747937023,
      -0.015351541202160474,
      -0.01633578056853639,
      -0.017176430844199016,
      -0.01793065990631173,
      -0.018711815675345876,
      -0.019316338231321048,
      -0.019855365238953857,
      -0.02037624467285628,
      -0.020750948439436548,
      -0.02107018336300774,
      -0.021296498718916503,
      -0.02142792182802075,
      -0.021482972658750703
    ],
    [
      -0.021482972658750675,
      -0.02142792182802072,
      -0.02129649871891648,
      -0.021070183363007713,
      -0.020750948439436527,
      -0.02037624467285626,
      -0.019855365238953825,
      -0.019316338231321027,
      -0.01871181567534586,
      -0.017930659906311708,
      -0.017176430844199002,
      -0.016335780568536372,
      -0.015351541202160457,
      -0.014409247479370219,
      -0.013299978386221137,
      -0.012212129877271945,
      -0.011115654538759408,
      -0.009808863339111738,
      -0.0086269386541557,
      -0.0074156977831061135,
      -0.005992798938593564,
      -0.004726707258719311,
      -0.003360677335345569,
      -0.0019583779868267473,
      -0.000653648600118237,
      0.0008434175485396636,
      0.002147269556540302,
      0.0034437216071969414,
      0.004912102829632372,
      0.006174431511214643,
      0.007435623273923031,
      0.00880083619974124,
      0.00997625687673523,
      0.0112248223800292,
      0.012367846612375985,
      0.01341409523510479,
      0.014551128697450384,
      0.015483093019979903,
      0.016362538647837804,
      0.017290989102811728,
      0.018032991344262866,
      0.018743807864814034,
      0.01939917112083285,
      0.01992454375726437,
      0.020431521136495448,
      0.020798872738356712,
      0.021088720644678267,
      0.02132250441976458,
      0.021439095832418032,
      0.021482972658750675
    ],
    [
      -0.06435371115657391,
      -0.064199991700623,
      -0.06379518086049737,
      -0.06315421862188522,
      -0.06218232385976301,
      -0.0610385277500978,
      -0.05960868809910188,
      -0.05786374488595747,
      -0.05605257669850887,
      -0.05384899707932336,
      -0.05145352422373495,
      -0.04898842077154411,
      -0.04608916953615798,
      -0.04316418511057636,
      -0.04006905093052535,
      -0.03661743232040378,
      -0.03329789124568865,
      -0.029662012110127315,
      -0.025843220098963494,
      -0.022214263492354426,
      -0.018153838793123378,
      -0.014159674224922113,
      -0.010233098873586921,
      -0.005971891918630264,
      -0.0019583779868267413,
      0.002147269556540302,
      0.006431492079143796,
      0.010315759198135311,
      0.014446733977078756,
      0.018495336326285177,
      0.02223409685955715,
      0.02620863980887703,
      0.029884171589463472,
      0.0334065543598136,
      0.03699631337135269,
      0.04018264017099754,
      0.04333679374182016,
      0.04638015531501394,
      0.049015055137407504,
      0.05165624175153107,
      0.05401876094310289,
      0.056084420975127794,
      0.05805612803149254,
      0.059685197741326364,
      0.06109354864825776,
      0.062298930522038186,
      0.06317267019819474,
      0.06383257097799569,
      0.06422223638552169,
      0.0643537111565739
    ],
    [
      -0.10697640644631831,
      -0.10673568165061395,
      -0.10607383810666293,
      -0.1049947483525881,
      -0.10344800869321782,
      -0.1014931410654541,
      -0.09913958835205772,
      -0.09634351546180724,
      -0.09317751152443575,
      -0.08962721341779048,
      -0.08568410015110663,
      -0.08145211774886403,
      -0.07680858845568009,
      -0.07186260607600052,
      -0.0666831553737498,
      -0.06115642961807191,
      -0.05538837023184092,
      -0.0494555994905968,
      -0.04324780269524645,
      -0.036927345000830475,
      -0.030404773674063544,
      -0.023742885935360152,
      -0.01706569470362366,
      -0.010233098873586961,
      -0.0033606773353455767,
      0.0034437216071969414,
      0.010315759198135311,
      0.017147461452480875,
      0.02382401638541012,
      0.03048425740869596,
      0.03694696396511494,
      0.0433239015257981,
      0.04952885211996634,
      0.05546002919367249,
      0.06122457239374384,
      0.06674736184039035,
      0.0719246943288093,
      0.07686615648781818,
      0.08147846419156698,
      0.08573423167815669,
      0.08967199439920416,
      0.0932090115576508,
      0.09637976373662814,
      0.09916986137474473,
      0.10152035412072773,
      0.10346898071493643,
      0.10500935004126388,
      0.10608521839047057,
      0.10674057147619688,
      0.10697640644631833
    ],
    [
      -0.14913734892905747,
      -0.14879351200686547,
      -0.14788023646072992,
      -0.14636383225843064,
      -0.14419343752947544,
      -0.14150936451830187,
      -0.13816690273996357,
      -0.1342888098867827,
      -0.12993151059123004,
      -0.12486179272385257,
      -0.11944365889872713,
      -0.11353789637076164,
      -0.10699439701429447,
      -0.10020341682672063,
      -0.09289710107863453,
      -0.0851916209721025,
      -0.07727492070435378,
      -0.06881602472593457,
      -0.06025486466058286,
      -0.051500500044658025,
      -0.0422459136419731,
      -0.03310058950867913,
      -0.023742885935360173,
      -0.014159674224922175,
      -0.004726707258719312,
      0.004912102829632372,
      0.014446733977078756,
      0.02382401638541012,
      0.033382336368626045,
      0.042521941848839284,
      0.05151996633656955,
      0.06051913789634518,
      0.06903407248512111,
      0.07738157268522794,
      0.08542826471143605,
      0.09300858801327566,
      0.10037283082323983,
      0.10719431717100802,
      0.11356403778868004,
      0.1196177538325282,
      0.12501730647844012,
      0.12996276549505148,
      0.13441469156996075,
      0.1382419963443106,
      0.14156336709153466,
      0.1442662683995411,
      0.1463819423335882,
      0.14791693456319482,
      0.14881049321432618,
