{
  "error": 5.8085801643189733e-05,
  "time": 0.22882474190555513,
  "case_id": "poisson_basic",
  "num_dofs": 14641,
  "solver_info": {
    "ksp_type": "cg",
    "pc_type": "hypre",
    "rtol": 1e-10
  },
  "reference": [
    [
      0.0,
      0.0,
      0.0,
      0.0,
      0.0,
      0.0,
      0.0,
      0.0,
      0.0,
      0.0,
      0.0,
      0.0,
      0.0,
      0.0,
      0.0,
      0.0,
      0.0,
      0.0,
      0.0,
      0.0,
      0.0,
      0.0,
      0.0,
      0.0,
      0.0,
      0.0,
      0.0,
      0.0,
      0.0,
      0.0,
      0.0,
      0.0,
      0.0,
      0.0,
      0.0,
      0.0,
      0.0,
      0.0,
      0.0,
      0.0,
      0.0,
      0.0,
      0.0,
      0.0,
      0.0,
      0.0,
      0.0,
      0.0,
      0.0,
      0.0
    ],
    [
      0.0,
      0.004273115632281528,
      0.008223284642611186,
      0.012373784717827886,
      0.016310156375446694,
      0.02027340915308064,
      0.024126940684136615,
      0.0278437372828927,
      0.031544430608454715,
      0.03496185087883471,
      0.038440019821958694,
      0.041542208770736694,
      0.04466973490705013,
      0.047457517531967294,
      0.050150951722014295,
      0.052587615629058795,
      0.0548170399407953,
      0.056847730065045544,
      0.058592215256817626,
      0.060167463532412535,
      0.061418219145644715,
      0.06248887602259119,
      0.06324755823657831,
      0.06377512899261314,
      0.06403068397702874,
      0.06402465662640948,
      0.06375469589203109,
      0.06323337678480642,
      0.06242419124431124,
      0.06141408037744809,
      0.06006118851211626,
      0.05857017782994073,
      0.056730757359825655,
      0.05475281585324225,
      0.0524828994116166,
      0.05002998383116514,
      0.04738172650164861,
      0.04447978668021305,
      0.04151001708102415,
      0.03819399535288105,
      0.03493864158692919,
      0.031300885754680735,
      0.0277561150374934,
      0.02393249269964355,
      0.020114815904708698,
      0.01617488286229351,
      0.012141078292928893,
      0.008153984407946499,
      0.003966723690158135,
      7.921714574428928e-18
    ],
    [
      0.0,
      0.008223284642611186,
      0.01641352693481598,
      0.024465804261481275,
      0.03248746960614224,
      0.04030746506992126,
      0.04802794850018389,
      0.05548871265226083,
      0.06278038546593534,
      0.06976079182216098,
      0.07650310884569553,
      0.08291829485655147,
      0.08897130466633449,
      0.09469687434829756,
      0.0999806924118309,
      0.10490064687308841,
      0.10935086540700109,
      0.11338387415239672,
      0.11692824130812476,
      0.12000762694304343,
      0.12259094299300874,
      0.12466341380692772,
      0.12623993191880117,
      0.12727495456781474,
      0.12780215417791255,
      0.12779942762571,
      0.1272685998782911,
      0.12622817077693654,
      0.1246480866061775,
      0.12258682409398305,
      0.11998358948372094,
      0.1169063096773158,
      0.11335153772209544,
      0.10931535664917733,
      0.10486056475709614,
      0.09993769699938583,
      0.09464973236273183,
      0.08892155826269561,
      0.08288625771093391,
      0.07644746262562145,
      0.06973769395214865,
      0.06271979155167953,
      0.05542642579987608,
      0.04796344367041906,
      0.04024170178549619,
      0.032420157556389835,
      0.024397689773045385,
      0.016344559392909658,
      0.00815398440794651,
      1.5792875604803244e-17
    ],
    [
      0.0,
      0.012373784717827886,
      0.024465804261481275,
      0.03668524053229927,
      0.048527928950786864,
      0.06032884470341664,
      0.0717910094649325,
      0.08298681098103022,
      0.09387281782215644,
      0.10428897715574335,
      0.11441053217901775,
      0.12391325698371367,
      0.13306668808979225,
      0.1415186448271463,
      0.14950923590949072,
      0.15679593005875983,
      0.16348784956702972,
      0.16949417552570994,
      0.1747937457459969,
      0.17940479642056742,
      0.18324336730314517,
      0.1863649806105862,
      0.18869135807912954,
      0.19025910349227293,
      0.19103603580377773,
      0.1910301115827987,
      0.19023902000770698,
      0.18867741927592932,
      0.1863135127027566,
      0.18323929935041988,
      0.17932407993743207,
      0.17477208538560382,
      0.16938559154867416,
      0.16342472437142103,
      0.1566930055648309,
      0.14939033781279268,
      0.14144415060236964,
      0.132899642367676,
      0.12388161610273735,
      0.1142236751936808,
      0.10426616498125724,
      0.09366934674842434,
      0.08290068797654324,
      0.07159988853936529,
      0.06017296502949478,
      0.04839497000494869,
      0.03645651577884876,
      0.024397689773045392,
      0.01214107829292892,
      2.420276387143324e-17
    ],
    [
      0.0,
      0.016310156375446694,
      0.03248746960614224,
      0.048527928950786864,
      0.06443820418901236,
      0.07995058713235458,
      0.09526349948257279,
      0.11006328533070184,
      0.12452569193820129,
      0.13837259905256286,
      0.1517454067100314,
      0.16443880937623223,
      0.17647670733182425,
      0.1878145108195654,
      0.19831438702320522,
      0.20807272650275282,
      0.21690059471554274,
      0.22489975192898187,
      0.23193068768016975,
      0.23803841199481784,
      0.24315876431343422,
      0.24727350333920856,
      0.2503912740375397,
      0.2524537163838789,
      0.2534994317594578,
      0.2534941095509975,
      0.25244131207989606,
      0.25037749944367504,
      0.24724358476386288,
      0.24315474428417877,
      0.23799149106322848,
      0.23190928249472514,
      0.2248366314712973,
      0.21683821318108487,
      0.20799448652750424,
      0.19823046031618818,
      0.18774089419145043,
      0.1763796027430804,
      0.16440754124806464,
      0.1516367857259967,
      0.1383500556222409,
      0.12440741309402789,
      0.10997817691843931,
      0.09513758656207756,
      0.07982221771825787,
      0.06430681159717475,
      0.048394970004948704,
      0.03242015755638986,
      0.016174882862293544,
      3.148606036217844e-17
    ],
    [
      0.0,
      0.02027340915308064,
      0.04030746506992126,
      0.06032884470341664,
      0.07995058713235458,
      0.0993940782718703,
      0.11827877765018706,
      0.13676852769434042,
      0.15466303931207515,
      0.17190578740545187,
      0.18850626964731296,
      0.20425247140259617,
      0.21925304228926626,
      0.23325945256063646,
      0.24639870597578092,
      0.2584335437282103,
      0.2694773371165431,
      0.2793617486902996,
      0.288128793209852,
      0.2957007083976373,
      0.3020636165621927,
      0.3071823239292562,
      0.31104096991910335,
      0.31361814756644174,
      0.3149087099035615,
      0.31490299017728607,
      0.3136036048905212,
      0.31102751226126213,
      0.3071472477052407,
      0.30205968902873775,
      0.2956456987894448,
      0.28810788053071446,
      0.2792877469275777,
      0.2694163909024772,
      0.2583418160016364,
      0.24630031118451157,
      0.2331875297582415,
      0.21913919788764075,
      0.20422192271460213,
      0.18837892354460686,
      0.17188376267101535,
      0.15452437043541267,
      0.1366853775192503,
      0.11813115866249417,
      0.0992435793168373,
      0.07982221771825787,
      0.06017296502949479,
      0.040241701785496214,
      0.020114815904708747,
      3.9485221759223174e-17
    ],
    [
      0.0,
      0.024126940684136615,
      0.04802794850018389,
      0.0717910094649325,
      0.09526349948257279,
      0.11827877765018706,
      0.14093058221935173,
      0.16282854525607693,
      0.18422223730443038,
      0.20471030427050443,
      0.22449219649862784,
      0.24325721307925435,
      0.2610807060167718,
      0.2778178703298641,
      0.29338827063112316,
      0.30780850274316895,
      0.3208854570203559,
      0.3327183883806674,
      0.3431215528574763,
      0.35215655015349734,
      0.35973066061632025,
      0.36581958952301025,
      0.3704255441841985,
      0.3734836425286375,
      0.3750286461986845,
      0.375023035925826,
      0.37346581204688045,
      0.37041234405382684,
      0.36577658327190266,
      0.3597268082406502,
      0.3520891039819194,
      0.3431010403660536,
      0.3326276563113143,
      0.32082567708087295,
      0.3077110326290719,
      0.29327567341923805,
      0.27774732385145673,
      0.26094112369111067,
      0.2432272489748788,
      0.22433606000947437,
      0.20468870100421593,
      0.18405221819040293,
      0.16274698625342082,
      0.14074958955462952,
      0.1181311586624943,
      0.09513758656207767,
      0.07159988853936539,
      0.04796344367041914,
      0.023932492699643627,
      4.621401083315522e-17
    ],
    [
      0.0,
      0.0278437372828927,
      0.05548871265226083,
      0.08298681098103022,
      0.11006328533070184,
      0.13676852769434042,
      0.16282854525607693,
      0.18830660010060724,
      0.21291901303266664,
      0.2367033279459178,
      0.2595130721918435,
      0.28124244930932346,
      0.30184642079834617,
      0.3211757093080732,
      0.33922458533557825,
      0.35583402346819437,
      0.3710342923960869,
      0.3846490923938916,
      0.3967386569647267,
      0.40714840124774726,
      0.415930402077324,
      0.4229629535251426,
      0.4282899841803785,
      0.43183331138587466,
      0.4336172912818649,
      0.43361384386747526,
      0.4318252766055083,
      0.428277237932153,
      0.4229435740273398,
      0.4159266821643257,
      0.40711800862108855,
      0.39671884978858274,
      0.3846082066646455,
      0.3709893956203847,
      0.3557833442025239,
      0.3391702225387057,
      0.32111610364226506,
      0.3017835221428299,
      0.2812135155108329,
      0.2594427138911183,
      0.23668246750084349,
      0.2128423989367648,
      0.18822784547746338,
      0.1627469862534208,
      0.13668537751925042,
      0.10997817691843939,
      0.08290068797654332,
      0.05542642579987618,
      0.02775611503749349,
      5.3758755822806194e-17
    ],
    [
      0.0,
      0.031544430608454715,
      0.06278038546593534,
      0.09387281782215644,
      0.12452569193820129,
      0.15466303931207515,
      0.18422223730443038,
      0.21291901303266664,
      0.24088999285407603,
      0.26768610090536504,
      0.29354975356104035,
      0.3180812438507806,
      0.34139542079351376,
      0.3632597268900077,
      0.3836430237379044,
      0.4024670825935812,
      0.41960021297930283,
      0.43505985406469455,
      0.4486775846070588,
      0.46049044086010094,
      0.47039523648738624,
      0.47835767354917247,
      0.4843769614816589,
      0.4883801567889392,
      0.4903988081501403,
      0.49039353802705377,
      0.48836229073768206,
      0.4843645616726706,
      0.4783038084954171,
      0.4703916176805173,
      0.4604059649626654,
      0.4486583157840735,
      0.4349575768631143,
      0.4195440574861335,
      0.4023755220738862,
      0.3835372532734712,
      0.36319345763111266,
      0.34122933612402173,
      0.3180530964643306,
      0.2933541936095253,
      0.2676658074409857,
      0.2406770450039219,
      0.2128423989367648,
      0.1840522181904029,
      0.15452437043541278,
      0.124407413094028,
      0.09366934674842443,
      0.06271979155167963,
      0.03130088575468083,
      6.078397263424783e-17
    ],
    [
      0.0,
      0.03496185087883471,
      0.06976079182216098,
      0.10428897715574335,
      0.13837259905256286,
      0.17190578740545187,
      0.20471030427050443,
      0.2367033279459178,
      0.26768610090536504,
      0.2976187946565998,
      0.3262672974487442,
      0.35362060343863805,
      0.37949321983630474,
      0.4038257724928992,
      0.42649093592284604,
      0.4474002737675082,
      0.4664895451988156,
      0.48362980107440084,
      0.49883280030723626,
      0.5119204156930465,
      0.5229762366551548,
      0.5318082646688723,
      0.5385154757161035,
      0.542967171713326,
      0.545214889886738,
      0.5452139767390948,
      0.5429650434688137,
      0.538511536800514,
      0.5318031314470583,
      0.5229727880113559,
      0.5119123653247789,
      0.4988236189237989,
      0.4836189713037129,
      0.46647765298619154,
      0.4473868498947789,
      0.4264765363600906,
      0.4038099842043129,
      0.37947655930392876,
      0.3536027208761896,
      0.32624866101307604,
      0.2975994554288865,
      0.2676658074409858,
      0.2366824675008435,
      0.20468870100421588,
      0.1718837626710155,
      0.138350055622241,
      0.10426616498125733,
      0.06973769395214875,
      0.0349386415869293,
      6.759927153088367e-17
    ],
    [
      0.0,
      0.038440019821958694,
      0.07650310884569553,
      0.11441053217901775,
      0.1517454067100314,
      0.18850626964731296,
      0.22449219649862784,
      0.2595130721918435,
      0.29354975356104035,
      0.3262672974487442,
      0.357784878144549,
      0.38768411286467946,
      0.41610331900615505,
      0.4427393320790043,
      0.4675983473479397,
      0.490520156383183,
      0.5114260262758484,
      0.5302427850925183,
      0.546867905009798,
      0.5612555679841175,
      0.5733379329738364,
      0.5830422558500119,
      0.5903771050514774,
      0.5952592300431758,
      0.5977187392857011,
      0.5977138994856536,
      0.5952428228142929,
      0.5903657177280421,
      0.5829903157169802,
      0.5733346096545575,
      0.5611663531000324,
      0.5468502095501535,
      0.530148859163857,
      0.5113744560650502,
      0.4904360720837676,
      0.46750121339293,
      0.4426784739250147,
      0.41595079570108406,
      0.3876582638057412,
      0.3575693679455463,
      0.32624866101307604,
      0.29335419360952525,
      0.2594427138911183,
      0.22433606000947426,
      0.188378923544607,
      0.15163678572599681,
      0.1142236751936809,
      0.07644746262562155,
      0.03819399535288117,
      7.580349485966275e-17
    ],
    [
      0.0,
      0.041542208770736694,
      0.08291829485655147,
      0.12391325698371367,
      0.16443880937623223,
      0.20425247140259617,
      0.24325721307925435,
      0.28124244930932346,
      0.3180812438507806,
      0.35362060343863805,
      0.38768411286467946,
      0.42020693403771514,
      0.45092458037537186,
      0.47985583090069334,
      0.5067656325283101,
      0.5316268360499308,
      0.5542914541694371,
      0.5746714155216088,
      0.592722420432498,
      0.6082840185608784,
      0.6214223414942982,
      0.6319136201604965,
      0.6398880292401729,
      0.6451727369630883,
      0.6478450358684104,
      0.6478437693168192,
      0.645169785051102,
      0.639882565896053,
      0.6319065002929649,
      0.6214191526085263,
      0.6082728525607093,
      0.5927096856947063,
      0.5746563944421608,
      0.5542749594646289,
      0.5316082169060379,
      0.5067456600854578,
      0.47983393227106974,
      0.45090147192851027,
      0.4201821306139851,
      0.3876582638057413,
      0.35360272087618966,
      0.31805309646433066,
      0.281213515510833,
      0.2432272489748788,
      0.20422192271460235,
      0.16440754124806484,
      0.12388161610273751,
      0.08288625771093404,
      0.04151001708102428,
      8.024085222076942e-17
    ],
    [
      0.0,
      0.04466973490705013,
      0.08897130466633449,
      0.13306668808979225,
      0.17647670733182425,
      0.21925304228926626,
      0.2610807060167718,
      0.30184642079834617,
      0.34139542079351376,
      0.37949321983630474,
      0.41610331900615505,
      0.45092458037537186,
      0.48397878890522117,
      0.5149536205295044,
      0.5438771964953403,
      0.5705241596267003,
      0.594856961206785,
      0.6167248860963598,
      0.636082339311171,
      0.6527981009928365,
      0.6668707244609768,
      0.6781521210754731,
      0.6866878440429232,
      0.6923682154965959,
      0.6952286424851497,
      0.6952243158184619,
      0.6923535478223223,
      0.686677664045302,
      0.6781101100401719,
      0.6668677534922022,
      0.6527322156058958,
      0.6360665199890881,
      0.6166409185392981,
      0.5948108586589624,
      0.5704489902532398,
      0.543790361038655,
      0.514899214780308,
      0.4838424366806084,
      0.4509014719285103,
      0.4159507957010842,
      0.379476559303929,
      0.34122933612402184,
      0.30178352214283,
      0.2609411236911108,
      0.21913919788764097,
      0.17637960274308062,
      0.1328996423676762,
      0.08892155826269577,
      0.044479786680213206,
      8.719010904615298e-17
    ],
    [
      0.0,
      0.047457517531967294,
      0.09469687434829756,
      0.1415186448271463,
      0.1878145108195654,
      0.23325945256063646,
      0.2778178703298641,
      0.3211757093080732,
      0.3632597268900077,
      0.4038257724928992,
      0.4427393320790043,
      0.47985583090069334,
      0.5149536205295044,
      0.5480036188154827,
      0.5787185329718265,
      0.6071189707564039,
      0.6329883938289943,
      0.6562695654335919,
      0.6768730268978093,
      0.6946498422464402,
      0.7096451788329204,
      0.7216306763239472,
      0.730736117096883,
      0.7367696712558806,
      0.7398213811178461,
      0.7398183991914262,
      0.736762721373695,
      0.7307264700618051,
      0.7216139135475672,
      0.709642363405938,
      0.6946235533916174,
      0.6768580357788794,
      0.6562342003099207,
      0.6329495592513942,
      0.6070751344709555,
      0.5786715105248761,
      0.5479520614192552,
      0.5148992147803079,
      0.47983393227106974,
      0.44267847392501486,
      0.403809984204313,
      0.3631934576311127,
      0.32111610364226517,
      0.27774732385145673,
      0.23318752975824175,
      0.1877408941914506,
      0.14144415060236984,
      0.094649732362732,
      0.04738172650164878,
      9.14442245112125e-17
    ],
    [
      0.0,
      0.050150951722014295,
      0.0999806924118309,
      0.14950923590949072,
      0.19831438702320522,
      0.24639870597578092,
      0.29338827063112316,
      0.33922458533557825,
      0.3836430237379044,
      0.42649093592284604,
      0.4675983473479397,
      0.5067656325283101,
      0.5438771964953403,
      0.5787185329718265,
      0.6112283245924168,
      0.641167366036435,
      0.6685246335661561,
      0.6930882278030365,
      0.7148577706401086,
      0.7336297781921284,
      0.7494597461775074,
      0.7621271738594726,
      0.771729784664169,
      0.7781129504953378,
      0.7813294361368672,
      0.7813256966340058,
      0.7781018579876083,
      0.7717209861749438,
      0.7621004192726182,
      0.7494571783933364,
      0.7335878193045478,
      0.7148440981285741,
      0.6930317825429294,
      0.6684847875086846,
      0.6411023977577504,
      0.6111532734127951,
      0.5786715105248761,
      0.543790361038655,
      0.5067456600854578,
      0.46750121339293027,
      0.42647653636009075,
      0.3835372532734713,
      0.3391702225387059,
      0.2932756734192381,
      0.24630031118451184,
      0.19823046031618843,
      0.14939033781279293,
      0.09993769699938601,
      0.05002998383116531,
      9.686930665917691e-17
    ],
    [
      0.0,
      0.052587615629058795,
      0.10490064687308841,
      0.15679593005875983,
      0.20807272650275282,
      0.2584335437282103,
      0.30780850274316895,
      0.35583402346819437,
      0.4024670825935812,
      0.4474002737675082,
      0.490520156383183,
      0.5316268360499308,
      0.5705241596267003,
      0.6071189707564039,
      0.641167366036435,
      0.6726374194949502,
      0.7012913534241809,
      0.7270887928830863,
      0.7499099639335889,
      0.7696080899316164,
      0.7862167905532456,
      0.7994983705723047,
      0.8095814274584023,
      0.8162695549949621,
      0.819649929844757,
      0.8196464437242871,
      0.8162599527323846,
      0.809573225139931,
      0.7994752103839691,
      0.7862143967577887,
      0.7695717680947661,
      0.7498972178483191,
      0.7270399308744204,
      0.701254207268194,
      0.672576853356984,
      0.6411023977577506,
      0.6070751344709556,
      0.5704489902532399,
      0.531608216906038,
      0.4904360720837679,
      0.44738684989477917,
      0.4023755220738865,
      0.35578334420252417,
      0.30771103262907196,
      0.25834181600163675,
      0.20799448652750455,
      0.15669300556483118,
      0.10486056475709635,
      0.052482899411616796,
      1.0219883177355684e-16
    ],
    [
      0.0,
      0.0548170399407953,
      0.10935086540700109,
      0.16348784956702972,
      0.21690059471554274,
      0.2694773371165431,
      0.3208854570203559,
      0.3710342923960869,
      0.41960021297930283,
      0.4664895451988156,
      0.5114260262758484,
      0.5542914541694371,
      0.594856961206785,
      0.6329883938289943,
      0.6685246335661561,
      0.7012913534241809,
      0.7312206121385904,
      0.7580805971366165,
      0.7819020901201996,
      0.8024250837198029,
      0.8197504010899985,
      0.8335977015376953,
      0.8441081218287747,
      0.8510871683657779,
      0.8546089284432075,
      0.8546064016072128,
      0.8510812791485436,
      0.8441008553925354,
      0.8335834970333718,
      0.8197482804259304,
      0.8024028069713974,
      0.7818907983596767,
      0.7580506293054705,
      0.7311877043485605,
      0.7012542072681938,
      0.6684847875086848,
      0.6329495592513944,
      0.5948108586589627,
      0.554274959464629,
      0.5113744560650506,
      0.4664776529861919,
      0.41954405748613377,
      0.3709893956203849,
      0.3208256770808732,
      0.2694163909024776,
      0.21683821318108518,
      0.1634247243714213,
      0.10931535664917753,
      0.054752815853242466,
      1.0348040375058405e-16
    ],
    [
      0.0,
      0.056847730065045544,
      0.11338387415239672,
      0.16949417552570994,
      0.22489975192898187,
      0.2793617486902996,
      0.3327183883806674,
      0.3846490923938916,
      0.43505985406469455,
      0.48362980107440084,
      0.5302427850925183,
      0.5746714155216088,
      0.6167248860963598,
      0.6562695654335919,
      0.6930882278030365,
      0.7270887928830863,
      0.7580805971366165,
      0.7859678107279301,
      0.8106359923910778,
      0.8319297984394309,
      0.8498820572629308,
      0.8642401850453083,
      0.8751370578968044,
      0.8823692147641315,
      0.8860222218257114,
      0.8860194093820863,
      0.8823596804020041,
      0.875130440638883,
      0.8642143140775711,
      0.8498801260575032,
      0.8318892253207802,
      0.8106257094285213,
      0.7859132296756756,
      0.7580506293054705,
      0.7270399308744204,
      0.6930317825429297,
      0.6562342003099211,
      0.6166409185392983,
      0.574656394442161,
      0.5301488591638575,
      0.48361897130371323,
      0.43495757686311454,
      0.3846082066646458,
      0.3326276563113145,
      0.27928774692757813,
      0.22483663147129762,
      0.16938559154867444,
      0.11335153772209566,
      0.05673075735982586,
      1.0729144325872983e-16
    ],
    [
      0.0,
      0.058592215256817626,
      0.11692824130812476,
      0.1747937457459969,
      0.23193068768016975,
      0.288128793209852,
      0.3431215528574763,
      0.3967386569647267,
      0.4486775846070588,
      0.49883280030723626,
      0.546867905009798,
      0.592722420432498,
      0.636082339311171,
      0.6768730268978093,
      0.7148577706401086,
      0.7499099639335889,
      0.7819020901201996,
      0.8106359923910778,
      0.8361153511315795,
      0.8580556144078858,
      0.8765895360713842,
      0.8913913616483468,
      0.9026354731456165,
      0.9100965180572483,
      0.9138649364018314,
      0.9138640693601094,
      0.9100944972703582,
      0.9026317331106066,
      0.8913864876090684,
      0.876587898812569,
      0.8580479705123827,
      0.8361066333272211,
      0.8106257094285213,
      0.7818907983596768,
      0.7498972178483192,
      0.7148440981285743,
      0.6768580357788797,
      0.6360665199890883,
      0.5927096856947064,
      0.546850209550154,
      0.49882361892379923,
      0.4486583157840737,
      0.3967188497885831,
      0.3431010403660538,
      0.28810788053071484,
      0.23190928249472548,
      0.17477208538560415,
      0.11690630967731605,
      0.058570177829940936,
      1.133078473674692e-16
    ],
    [
      0.0,
      0.060167463532412535,
      0.12000762694304343,
      0.17940479642056742,
      0.23803841199481784,
      0.2957007083976373,
      0.35215655015349734,
      0.40714840124774726,
      0.46049044086010094,
      0.5119204156930465,
      0.5612555679841175,
      0.6082840185608784,
      0.6527981009928365,
      0.6946498422464402,
      0.7336297781921284,
      0.7696080899316164,
      0.8024250837198029,
      0.8319297984394309,
      0.8580556144078858,
      0.8805931222842991,
      0.8995973477766845,
      0.914794714354678,
      0.9263284085121668,
      0.9339850678710522,
      0.9378513725424298,
      0.9378492818973397,
      0.9339779804517029,
      0.9263234895379131,
      0.9147722778112203,
      0.8995959122047468,
      0.8805545841923262,
      0.8580479705123827,
      0.8318892253207802,
      0.8024028069713975,
      0.7695717680947664,
      0.733587819304548,
      0.6946235533916176,
      0.6527322156058961,
      0.6082728525607096,
      0.5611663531000328,
      0.5119123653247794,
      0.4604059649626656,
      0.40711800862108893,
      0.35208910398191956,
      0.29564569878944524,
      0.23799149106322887,
      0.17932407993743238,
      0.1199835894837212,
      0.060061188512116497,
      1.1627602490983888e-16
    ],
    [
      0.0,
      0.061418219145644715,
      0.12259094299300874,
      0.18324336730314517,
      0.24315876431343422,
      0.3020636165621927,
      0.35973066061632025,
      0.415930402077324,
      0.47039523648738624,
      0.5229762366551548,
      0.5733379329738364,
      0.6214223414942982,
      0.6668707244609768,
      0.7096451788329204,
      0.7494597461775074,
      0.7862167905532456,
      0.8197504010899985,
      0.8498820572629308,
      0.8765895360713842,
      0.8995973477766845,
      0.9190326964872987,
      0.9345475940095663,
      0.9463387789585389,
      0.954159628331431,
      0.9581117284274003,
      0.9581115655914794,
      0.9541592488148677,
      0.9463380765563012,
      0.9345466786341523,
      0.9190314665370415,
      0.8995959122047468,
      0.8765878988125688,
      0.8498801260575033,
      0.8197482804259304,
      0.7862143967577888,
      0.7494571783933366,
      0.7096423634059382,
      0.6668677534922023,
      0.6214191526085265,
      0.573334609654558,
      0.5229727880113563,
      0.47039161768051757,
      0.41592668216432604,
      0.3597268082406504,
      0.3020596890287382,
      0.24315474428417913,
      0.18323929935042021,
      0.1225868240939833,
      0.06141408037744832,
      1.1597697007487066e-16
    ],
    [
      0.0,
      0.06248887602259119,
      0.12466341380692772,
      0.1863649806105862,
      0.24727350333920856,
      0.3071823239292562,
      0.36581958952301025,
      0.4229629535251426,
      0.47835767354917247,
      0.5318082646688723,
      0.5830422558500119,
      0.6319136201604965,
      0.6781521210754731,
      0.7216306763239472,
      0.7621271738594726,
      0.7994983705723047,
      0.8335977015376953,
      0.8642401850453083,
      0.8913913616483468,
      0.914794714354678,
      0.9345475940095663,
      0.9503330335486624,
      0.9623162265106884,
      0.9702708517064986,
      0.9742876603401707,
      0.9742863272651331,
      0.9702663324976376,
      0.9623130899851153,
      0.9503187271529197,
      0.9345466786341523,
      0.9147722778112203,
      0.8913864876090685,
      0.8642143140775711,
      0.833583497033372,
      0.7994752103839692,
      0.7621004192726184,
      0.7216139135475675,
      0.6781101100401721,
      0.6319065002929654,
      0.5829903157169808,
      0.5318031314470587,
      0.4783038084954173,
      0.42294357402734006,
      0.3657765832719029,
      0.30714724770524116,
      0.24724358476386324,
      0.1863135127027569,
      0.12464808660617774,
      0.06242419124431147,
      1.1938421182008112e-16
    ],
    [
      0.0,
      0.06324755823657831,
      0.12623993191880117,
      0.18869135807912954,
      0.2503912740375397,
      0.31104096991910335,
      0.3704255441841985,
      0.4282899841803785,
      0.4843769614816589,
      0.5385154757161035,
      0.5903771050514774,
      0.6398880292401729,
      0.6866878440429232,
      0.730736117096883,
      0.771729784664169,
      0.8095814274584023,
      0.8441081218287747,
      0.8751370578968044,
      0.9026354731456165,
      0.9263284085121668,
      0.9463387789585389,
      0.9623162265106884,
      0.9744582934660693,
      0.982510339039583,
      0.9865798713344323,
      0.9865793133786224,
      0.982509038629513,
      0.9744558866911582,
      0.9623130899851154,
      0.9463380765563014,
      0.9263234895379131,
      0.9026317331106067,
      0.8751304406388831,
      0.8441008553925355,
      0.809573225139931,
      0.7717209861749442,
      0.7307264700618056,
      0.6866776640453022,
      0.6398825658960533,
      0.5903657177280426,
      0.5385115368005143,
      0.48436456167267095,
      0.4282772379321534,
      0.37041234405382706,
      0.3110275122612626,
      0.2503774994436755,
      0.18867741927592968,
      0.12622817077693685,
      0.06323337678480664,
      1.2231923419777458e-16
    ],
    [
      0.0,
      0.06377512899261314,
      0.12727495456781474,
      0.19025910349227293,
      0.2524537163838789,
      0.31361814756644174,
      0.3734836425286375,
      0.43183331138587466,
      0.4883801567889392,
      0.542967171713326,
      0.5952592300431758,
      0.6451727369630883,
      0.6923682154965959,
      0.7367696712558806,
      0.7781129504953378,
      0.8162695549949621,
      0.8510871683657779,
      0.8823692147641315,
      0.9100965180572483,
      0.9339850678710522,
      0.954159628331431,
      0.9702708517064986,
      0.982510339039583,
      0.9906314721809977,
      0.9947335490118879,
      0.9947329963161862,
      0.9906295985075416,
      0.9825090386295132,
      0.9702663324976375,
      0.9541592488148677,
      0.9339779804517028,
      0.9100944972703582,
      0.8823596804020042,
      0.8510812791485438,
      0.8162599527323848,
      0.7781018579876087,
      0.7367627213736955,
      0.6923535478223224,
      0.6451697850511022,
      0.5952428228142934,
      0.5429650434688142,
      0.4883622907376824,
      0.4318252766055085,
      0.3734658120468807,
      0.31360360489052164,
      0.2524413120798965,
      0.19023902000770732,
      0.12726859987829137,
      0.06375469589203132,
      1.1899929102471031e-16
    ],
    [
      0.0,
      0.06403068397702874,
      0.12780215417791255,
      0.19103603580377773,
      0.2534994317594578,
      0.3149087099035615,
      0.3750286461986845,
      0.4336172912818649,
      0.4903988081501403,
      0.545214889886738,
      0.5977187392857011,
      0.6478450358684104,
      0.6952286424851497,
      0.7398213811178461,
      0.7813294361368672,
      0.819649929844757,
      0.8546089284432075,
      0.8860222218257114,
      0.9138649364018314,
      0.9378513725424298,
      0.9581117284274003,
      0.9742876603401707,
      0.9865798713344323,
      0.9947335490118879,
      0.9988537058135184,
      0.9988534686731078,
      0.9947329963161862,
      0.9865793133786225,
      0.9742863272651331,
      0.9581115655914794,
      0.9378492818973398,
      0.9138640693601097,
      0.8860194093820865,
      0.854606401607213,
      0.8196464437242873,
      0.7813256966340062,
      0.7398183991914267,
      0.6952243158184622,
      0.6478437693168194,
      0.5977138994856541,
      0.5452139767390952,
      0.4903935380270542,
      0.4336138438674756,
      0.37502303592582625,
      0.31490299017728657,
      0.2534941095509979,
      0.191030111582799,
      0.12779942762571028,
      0.06402465662640973,
      1.2094333714976e-16
    ],
    [
      0.0,
      0.06402465662640948,
      0.12779942762571,
      0.1910301115827987,
      0.2534941095509975,
      0.31490299017728607,
      0.375023035925826,
      0.43361384386747526,
      0.49039353802705377,
      0.5452139767390948,
      0.5977138994856536,
      0.6478437693168192,
      0.6952243158184619,
      0.7398183991914262,
      0.7813256966340058,
      0.8196464437242871,
      0.8546064016072128,
      0.8860194093820863,
      0.9138640693601094,
      0.9378492818973397,
      0.9581115655914794,
      0.9742863272651331,
      0.9865793133786224,
      0.9947329963161862,
      0.9988534686731078,
      0.9988537058135183,
      0.994733549011888,
      0.9865798713344325,
      0.9742876603401709,
      0.9581117284274006,
      0.9378513725424299,
      0.9138649364018316,
      0.8860222218257116,
      0.8546089284432075,
      0.8196499298447574,
      0.7813294361368677,
      0.7398213811178466,
      0.69522864248515,
      0.6478450358684107,
      0.5977187392857016,
      0.5452148898867386,
      0.49039880815014075,
      0.4336172912818653,
      0.3750286461986848,
      0.314908709903562,
      0.2534994317594582,
      0.19103603580377812,
      0.12780215417791282,
      0.06403068397702899,
      1.2094184365490522e-16
    ],
    [
      0.0,
      0.06375469589203109,
      0.1272685998782911,
      0.19023902000770698,
      0.25244131207989606,
      0.3136036048905212,
      0.37346581204688045,
      0.4318252766055083,
      0.48836229073768206,
      0.5429650434688137,
      0.5952428228142929,
      0.645169785051102,
      0.6923535478223223,
      0.736762721373695,
      0.7781018579876083,
      0.8162599527323846,
      0.8510812791485436,
      0.8823596804020041,
      0.9100944972703582,
      0.9339779804517029,
      0.9541592488148677,
      0.9702663324976376,
      0.982509038629513,
      0.9906295985075416,
      0.9947329963161862,
      0.994733549011888,
      0.990631472180998,
      0.9825103390395831,
      0.9702708517064988,
      0.9541596283314312,
      0.9339850678710522,
      0.9100965180572487,
      0.8823692147641318,
      0.8510871683657782,
      0.8162695549949623,
      0.7781129504953384,
      0.736769671255881,
      0.6923682154965962,
      0.6451727369630886,
      0.5952592300431764,
      0.5429671717133266,
      0.48838015678893965,
      0.4318333113858751,
      0.37348364252863786,
      0.3136181475664423,
      0.2524537163838793,
      0.19025910349227332,
      0.12727495456781504,
      0.0637751289926134,
      1.2116527895461488e-16
    ],
    [
      0.0,
      0.06323337678480642,
      0.12622817077693654,
      0.18867741927592932,
      0.25037749944367504,
      0.31102751226126213,
      0.37041234405382684,
      0.428277237932153,
      0.4843645616726706,
      0.538511536800514,
      0.5903657177280421,
      0.639882565896053,
      0.686677664045302,
      0.7307264700618051,
      0.7717209861749438,
      0.809573225139931,
      0.8441008553925354,
      0.875130440638883,
      0.9026317331106066,
      0.9263234895379131,
      0.9463380765563012,
      0.9623130899851153,
      0.9744558866911582,
      0.9825090386295132,
      0.9865793133786225,
      0.9865798713344325,
      0.9825103390395831,
      0.9744582934660695,
      0.9623162265106884,
      0.9463387789585392,
      0.9263284085121669,
      0.9026354731456168,
      0.8751370578968046,
      0.8441081218287749,
      0.8095814274584023,
      0.7717297846641694,
      0.7307361170968837,
      0.6866878440429234,
      0.6398880292401733,
      0.590377105051478,
      0.5385154757161041,
      0.4843769614816593,
      0.42828998418037895,
      0.3704255441841988,
      0.31104096991910396,
      0.2503912740375401,
      0.1886913580791299,
      0.12623993191880145,
      0.06324755823657857,
      1.1945523185555625e-16
    ],
    [
      0.0,
      0.06242419124431124,
      0.1246480866061775,
      0.1863135127027566,
      0.24724358476386288,
      0.3071472477052407,
      0.36577658327190266,
      0.4229435740273398,
      0.4783038084954171,
      0.5318031314470583,
      0.5829903157169802,
      0.6319065002929649,
      0.6781101100401719,
      0.7216139135475672,
      0.7621004192726182,
      0.7994752103839691,
      0.8335834970333718,
      0.8642143140775711,
      0.8913864876090684,
      0.9147722778112203,
      0.9345466786341523,
      0.9503187271529197,
      0.9623130899851154,
      0.9702663324976375,
      0.9742863272651331,
      0.9742876603401709,
      0.9702708517064988,
      0.9623162265106884,
      0.9503330335486625,
      0.9345475940095666,
      0.9147947143546782,
      0.8913913616483471,
      0.8642401850453085,
      0.8335977015376956,
      0.7994983705723049,
      0.762127173859473,
      0.7216306763239475,
      0.6781521210754735,
      0.6319136201604968,
      0.5830422558500126,
      0.5318082646688729,
      0.4783576735491729,
      0.422962953525143,
      0.3658195895230105,
      0.3071823239292567,
      0.24727350333920892,
      0.18636498061058657,
      0.124663413806928,
      0.06248887602259143,
      1.1796285327911175e-16
    ],
    [
      0.0,
      0.06141408037744809,
      0.12258682409398305,
      0.18323929935041988,
      0.24315474428417877,
      0.30205968902873775,
      0.3597268082406502,
      0.4159266821643257,
      0.4703916176805173,
      0.5229727880113559,
      0.5733346096545575,
      0.6214191526085263,
      0.6668677534922022,
      0.709642363405938,
      0.7494571783933364,
      0.7862143967577887,
      0.8197482804259304,
      0.8498801260575032,
      0.876587898812569,
      0.8995959122047468,
      0.9190314665370415,
      0.9345466786341523,
      0.9463380765563014,
      0.9541592488148677,
      0.9581115655914794,
      0.9581117284274006,
      0.9541596283314312,
      0.9463387789585392,
      0.9345475940095666,
      0.919032696487299,
      0.8995973477766847,
      0.8765895360713845,
      0.8498820572629311,
      0.8197504010899989,
      0.786216790553246,
      0.7494597461775079,
      0.709645178832921,
      0.6668707244609773,
      0.6214223414942988,
      0.5733379329738371,
      0.5229762366551555,
      0.4703952364873867,
      0.4159304020773245,
      0.3597306606163206,
      0.30206361656219327,
      0.2431587643134347,
      0.18324336730314555,
      0.12259094299300906,
      0.06141821914564496,
      1.201886954295609e-16
    ],
    [
      0.0,
      0.06006118851211626,
      0.11998358948372094,
      0.17932407993743207,
      0.23799149106322848,
      0.2956456987894448,
      0.3520891039819194,
      0.40711800862108855,
      0.4604059649626654,
      0.5119123653247789,
      0.5611663531000324,
      0.6082728525607093,
      0.6527322156058958,
      0.6946235533916174,
      0.7335878193045478,
      0.7695717680947661,
      0.8024028069713974,
      0.8318892253207802,
      0.8580479705123827,
      0.8805545841923262,
      0.8995959122047468,
      0.9147722778112203,
      0.9263234895379131,
      0.9339779804517028,
      0.9378492818973398,
      0.9378513725424299,
      0.9339850678710522,
      0.9263284085121669,
      0.9147947143546782,
      0.8995973477766847,
      0.8805931222842991,
      0.8580556144078859,
      0.8319297984394312,
      0.8024250837198033,
      0.7696080899316166,
      0.7336297781921287,
      0.6946498422464408,
      0.652798100992837,
      0.6082840185608788,
      0.561255567984118,
